439|9|2|0|0|1.08|7312.95
447|40|2|0|1|0.47|4986.40
523|32|2|0|1|0.65|2490.23
702|59|2|0|1|1.13|48162.22
797|59|1|0|1|7.51|19987.12
797|68|1|0|0|2.39|4743.64
812|68|1|0|0|0.57|3368.27
917|59|1|0|1|1.28|3065.54
966|32|2|0|1|0.66|3232.86
1022|17|2|0|1|0.47|3823.62
1133|17|2|0|1|0.10|4160.27
1142|59|1|0|1|0.85|1314.93
1190|59|2|0|1|2.46|13129.08
1270|9|2|0|0|2.48|8582.74
1270|94|2|0|0|0.37|8321.78
1554|32|2|0|1|0.06|3865.70
1592|32|2|0|1|3.66|5130.55
1777|59|1|0|1|0.29|440.13
2083|15|2|0|1|2.80|12255.60
2083|26|2|0|1|8.09|16875.37
2083|52|2|0|1|3.31|9961.44
2083|59|1|0|1|7.94|14467.60
2360|59|2|0|1|6.24|8397.96
2486|68|1|0|0|1.36|7913.47
2584|52|1|0|1|0.98|3290.03
2716|26|2|0|1|3.76|20930.03
2821|59|2|0|1|3.12|19324.86
2874|87|1|0|0|0.12|883.17
2891|59|1|0|1|0.47|4952.92
2913|52|2|0|1|1.33|7002.91
2916|17|1|0|1|3.73|7801.31
2916|32|2|0|1|2.26|12540.68
2916|59|2|0|1|1.26|8655.18
3014|17|1|0|1|0.42|846.69
3032|59|1|0|1|0.22|525.88
3091|81|1|0|1|3.91|25077.87
3316|68|1|0|0|0.67|999.32
3494|59|1|0|1|0.22|1205.48
3555|59|1|0|1|2.45|10004.58
3643|40|2|0|1|1.28|8097.02
3710|59|1|0|1|0.54|1663.84
3931|17|1|0|1|1.22|3065.04
4024|15|2|0|1|0.66|14957.75
4024|32|2|0|1|21.11|43667.60
4024|40|2|0|1|18.17|33723.52
4024|52|2|0|1|8.07|23417.01
4024|59|2|0|1|13.86|18562.20
4024|81|2|0|1|13.86|28694.08
4024|87|2|0|0|11.92|38565.97
4052|17|2|0|1|4.68|15954.27
4377|9|2|0|0|1.78|6736.98
4926|32|2|0|1|1.18|6819.18
4990|15|2|0|1|1.51|5999.16
5062|9|2|0|0|0.03|869.86
5062|59|2|0|1|0.05|865.74
5142|17|2|0|1|0.32|1556.64
5142|52|2|0|1|0.73|2752.79
5142|59|2|0|1|0.59|1545.90
5377|40|2|0|1|1.65|4690.99
5380|40|2|0|1|1.28|7612.67
5462|81|1|0|1|0.43|1908.85
5498|15|2|0|1|1.10|5407.99
5498|23|2|0|1|0.91|5349.25
5548|59|2|0|1|0.28|3328.63
5638|59|1|0|1|0.49|950.99
5696|59|1|0|1|7.62|10410.73
5760|40|2|0|1|1.18|6699.49
5844|26|2|0|1|1.81|12679.55
5897|15|2|0|1|2.13|14837.32
6132|52|2|0|1|0.11|2248.57
6307|17|1|0|1|1.18|5504.97
6454|94|2|0|0|4.79|10904.20
6732|59|1|0|1|0.16|846.10
6950|59|2|0|1|0.03|828.13
7104|9|2|0|0|0.50|3944.66
8269|32|2|0|1|1.54|11580.79
8623|26|2|0|1|0.57|4640.99
8690|43|2|0|0|0.50|5272.04
8954|32|2|0|1|0.76|3802.79
8982|17|2|0|1|0.66|4218.83
8986|59|2|0|1|0.40|1521.90
9006|59|2|0|1|1.43|4567.80
9086|26|2|0|1|0.78|2977.40
9086|52|2|0|1|0.78|4116.21
9158|9|2|0|0|2.06|6478.61
9209|59|2|0|1|0.68|2272.94
9270|15|2|0|1|3.30|14950.08
9270|94|2|0|0|1.12|8503.45
9474|68|1|0|0|0.15|753.51
9594|59|1|0|1|0.13|716.54
9609|17|1|0|1|0.80|2619.18
9613|55|2|0|1|2.36|10413.82
9925|26|2|0|1|4.89|20371.27
9944|17|2|0|1|1.91|13940.55
9944|32|2|0|1|0.90|5660.83
10091|87|1|0|0|0.51|3714.24
10117|59|2|0|1|0.41|3870.24
10133|17|2|0|1|0.91|5890.90
10376|9|2|0|0|9.80|16204.97
10376|59|2|0|1|10.31|10741.63
10547|15|2|0|1|1.41|5739.56
10999|32|2|0|1|0.73|3797.80
11208|40|2|0|1|3.46|29528.27
11220|15|2|0|1|1.81|14432.43
11220|87|2|0|0|2.02|14798.28
11395|17|1|0|1|5.28|18239.27
11395|59|1|0|1|4.57|7528.32
11395|59|2|0|1|4.57|25463.42
11536|32|2|0|1|1.26|9202.76
11559|17|1|0|1|0.43|3159.42
11587|9|2|0|0|7.92|12470.95
11587|59|2|0|1|3.01|9232.43
12086|87|1|0|0|3.12|4262.40
12136|59|2|0|1|0.02|6022.77
12574|32|2|0|1|1.66|11256.70
12592|59|1|0|1|0.08|411.18
12622|17|2|0|1|1.31|7802.54
12869|87|2|0|0|3.90|22477.62
12869|94|2|0|0|3.04|15874.55
12930|40|1|0|1|0.87|2476.35
12970|17|1|0|1|0.60|2148.75
13040|9|2|0|0|2.96|18628.17
13054|15|2|0|1|1.95|13140.60
13054|59|2|0|1|1.38|5606.65
13054|81|2|0|1|1.38|5909.15
13154|15|2|0|1|2.67|7629.56
13199|68|1|0|0|0.21|2039.42
13303|32|2|0|1|0.82|6076.79
13313|17|2|0|1|1.85|4544.15
13313|32|2|0|1|4.57|16297.35
13333|94|2|0|0|1.46|10203.95
13439|32|2|0|1|1.40|5618.79
13450|17|1|0|1|1.17|4393.25
13488|15|1|0|1|0.16|1546.76
13581|17|1|0|1|1.76|9353.45
13708|52|2|0|1|1.13|7326.79
13733|59|1|0|1|1.96|4181.98
13751|52|2|0|1|4.83|29715.01
13822|59|2|0|1|0.42|2785.01
13847|87|1|0|0|0.98|6985.26
13871|17|1|0|1|1.50|4149.08
13871|32|2|0|1|1.05|8741.24
13871|59|1|0|1|1.41|3945.59
13871|68|1|0|0|0.72|5274.50
13981|68|1|0|0|4.51|15000.06
14470|17|2|0|1|2.79|14122.66
14470|32|2|0|1|6.13|59758.75
14470|59|2|0|1|0.78|5167.10
14671|17|2|0|1|0.03|5862.73
14735|26|2|0|1|1.39|6124.27
14843|43|2|0|0|2.73|9315.23
14843|62|2|0|0|9.67|19225.41
14843|87|2|0|0|10.72|45098.57
15071|81|2|0|1|1.61|11577.71
15217|23|2|0|1|2.33|11592.91
15217|32|2|0|1|2.13|9602.02
15217|87|2|0|0|3.46|8502.53
15228|81|2|0|1|0.73|3934.55
15328|59|2|0|1|0.40|1472.26
15443|87|1|0|0|0.37|1770.76
15770|32|2|0|1|0.37|3229.13
16282|59|2|0|1|0.75|3480.97
16355|17|2|0|1|0.03|3684.97
16488|32|2|0|1|2.74|10833.71
16613|94|2|0|0|2.71|16964.56
16692|15|2|0|1|0.70|5156.05
16692|32|2|0|1|3.71|12469.45
16692|59|2|0|1|0.70|2963.77
16864|32|2|0|1|13.59|74146.47
16921|40|2|0|1|3.13|16684.18
16975|23|2|0|1|2.27|6470.09
17034|59|1|0|1|0.83|2731.53
17043|23|2|0|1|2.71|10509.52
17068|68|1|0|0|0.30|1796.58
17183|43|2|0|0|0.68|3980.56
17321|9|1|0|0|0.64|2504.92
17343|59|2|0|1|0.19|2382.89
17378|17|1|0|1|0.15|406.73
17407|59|1|0|1|1.83|3476.16
17413|81|1|0|1|0.57|2883.84
17434|17|1|0|1|0.27|508.86
17552|59|1|0|1|0.56|2793.74
17552|68|1|0|0|0.78|2920.97
17818|17|1|0|1|0.21|523.38
17977|92|1|0|0|1.35|14854.57
18082|32|2|0|1|2.63|19071.79
18094|59|2|0|1|0.14|1301.21
18103|59|2|0|1|2.22|5662.05
18139|52|2|0|1|1.51|6518.24
18158|81|1|0|1|1.85|3348.30
18158|81|2|0|1|1.85|9314.77
18318|81|2|0|1|0.90|5016.14
18372|32|2|0|1|0.71|8985.27
18408|59|2|0|1|0.50|1744.96
18410|32|2|0|1|1.03|4882.95
18438|59|2|0|1|4.31|11186.97
18515|32|2|0|1|0.08|2416.59
18581|59|2|0|1|0.20|1822.33
18632|52|1|0|1|8.00|20127.70
18632|52|2|0|1|8.00|31790.25
18976|32|2|0|1|2.08|9863.66
19067|32|2|0|1|0.19|9205.09
19067|59|1|0|1|0.53|2882.81
19067|68|1|0|0|0.53|7607.56
19179|15|2|0|1|1.96|13777.17
19272|81|1|1|1|1.88|2517.76
19515|32|2|0|1|5.01|23950.34
19679|15|2|0|1|3.14|16793.08
19679|32|2|0|1|4.69|32949.16
19679|52|2|0|1|2.62|12898.83
19679|81|2|0|1|2.16|15595.30
19740|17|2|0|1|1.32|7729.63
19740|32|2|0|1|0.39|2018.26
20041|40|2|0|1|2.92|26597.36
20041|59|2|0|1|9.85|45288.59
20041|65|2|0|1|3.66|38760.31
20082|15|2|0|1|1.47|7062.42
20253|59|2|0|1|0.45|2375.16
20693|4|2|1|1|7.17|16140.81
20693|15|2|1|1|5.75|27166.73
20693|26|2|1|1|1.32|7335.62
20693|52|2|1|1|3.23|8311.71
20881|17|1|0|1|0.70|2732.68
20934|59|1|0|1|2.79|4298.34
20943|32|2|0|1|1.41|5716.95
21119|17|1|0|1|0.26|336.18
21119|59|1|0|1|0.21|226.76
21215|17|1|0|1|0.23|1402.36
21394|52|2|0|1|0.34|3018.43
21481|52|2|0|1|0.25|2713.31
21798|59|1|0|1|2.02|5392.60
21807|59|1|0|1|1.02|2948.88
22092|59|1|0|1|1.23|2932.45
22294|17|1|0|1|0.48|1580.92
22630|59|1|0|1|0.83|7556.00
22639|40|2|0|1|0.28|4087.01
22768|59|1|0|1|0.87|3251.31
22879|17|1|0|1|1.65|5281.32
22879|87|1|0|0|1.67|7652.53
22976|32|2|0|1|1.90|12586.99
23093|40|2|0|1|2.84|17254.75
23093|52|1|0|1|1.13|3700.19
23093|52|2|0|1|1.13|7863.45
23421|17|1|0|1|0.83|1946.76
23530|32|2|0|1|0.02|3009.68
23630|17|1|0|1|1.54|5206.05
23668|59|2|0|1|1.19|8696.98
23812|59|2|0|1|0.31|2350.21
23846|59|2|0|1|1.26|7212.23
23942|81|2|0|1|0.57|4145.23
23974|59|1|0|1|0.59|3028.23
23983|32|2|0|1|1.01|4867.11
24065|94|2|0|0|2.08|11524.04
24195|87|1|0|0|0.68|3641.38
24195|87|2|0|0|0.73|5501.28
24382|59|2|0|1|0.78|4665.13
24392|40|2|0|1|0.64|5249.74
24404|32|2|0|1|9.37|33181.57
24404|81|2|0|1|8.51|31991.66
24945|32|2|0|1|0.69|5814.91
24951|17|1|0|1|0.95|2924.55
25015|32|2|0|1|1.60|9357.07
25026|9|2|0|0|2.41|8067.23
25104|23|2|0|1|2.26|18178.37
25104|52|2|0|1|3.62|26046.42
25104|59|2|0|1|3.48|26660.19
25377|59|1|0|1|2.54|3381.33
25422|59|1|0|1|1.81|3182.87
25422|68|1|0|0|1.28|3792.59
25627|26|2|0|1|0.68|4574.66
25671|9|2|0|0|3.24|7250.52
25671|15|2|0|1|2.82|10511.86
25816|81|1|0|1|1.37|5063.16
25825|17|1|0|1|0.89|3826.78
25885|52|2|0|1|0.06|1653.13
25887|68|1|0|0|1.39|2347.37
26094|17|1|0|1|0.28|2611.98
26390|17|1|0|1|0.50|1346.48
26539|15|2|0|1|2.38|15183.05
26725|68|1|0|0|0.15|1157.15
26725|87|1|0|0|0.66|2657.31
26730|17|1|0|1|0.64|1275.52
26807|17|2|0|1|0.52|2841.86
26831|40|2|0|1|0.17|2267.79
26954|59|1|0|1|1.56|4707.77
26979|17|1|0|1|2.14|1823.85
26979|59|1|0|1|0.18|4039.16
27129|59|1|0|1|0.65|5165.64
27166|59|1|0|1|0.08|109.97
27224|40|2|0|1|0.41|3364.68
27515|32|2|0|1|0.01|5015.46
27546|32|2|0|1|0.61|5011.52
27629|32|2|0|1|2.76|12859.36
27761|59|1|0|1|0.97|3592.29
27819|17|1|0|1|9.46|36571.83
27922|81|1|0|1|1.05|2740.54
28134|59|1|0|1|1.89|3204.88
28137|59|2|0|1|0.70|5174.92
28137|87|2|0|0|2.65|23791.11
28156|59|1|0|1|1.63|7347.68
28362|9|2|0|0|0.77|3752.66
28410|17|2|0|1|5.19|22648.12
28477|32|2|0|1|0.62|6066.04
28847|52|2|0|1|0.73|5276.06
28861|17|1|0|1|1.08|5445.14
29262|23|2|0|1|1.48|6083.56
29262|59|2|0|1|4.08|22743.70
29666|59|2|0|1|1.17|7042.91
29831|59|1|0|1|0.47|1278.87
30114|59|2|0|1|1.51|4189.82
30139|32|2|0|1|1.86|11220.51
30409|15|2|0|1|0.37|2646.58
30423|17|1|0|1|0.95|3949.47
30628|81|1|0|1|3.18|6106.67
30652|52|2|0|1|0.48|3617.33
30771|9|2|0|0|2.68|13612.91
30936|59|1|0|1|0.41|542.21
31012|68|1|0|0|3.22|11645.26
31153|32|2|0|1|0.10|4103.43
31551|59|1|0|1|0.95|4686.94
31565|68|1|0|0|2.99|9386.23
31622|59|2|0|1|0.42|2927.38
31836|87|1|0|0|1.33|5292.01
31836|87|2|0|0|1.33|8507.77
31838|68|1|0|0|1.38|4696.81
31890|68|1|0|0|1.04|4509.88
31899|17|1|0|1|1.34|5230.06
32006|94|2|0|0|0.23|3951.99
32060|17|1|0|1|6.81|24348.93
32060|81|1|0|1|4.83|25876.95
32437|59|2|0|1|0.71|3639.59
32572|32|2|0|1|0.03|4234.55
32660|17|1|0|1|1.15|2510.02
32681|68|1|0|0|0.57|3503.55
32730|59|2|0|1|1.24|7657.78
32795|26|2|0|1|2.63|13912.09
32795|32|2|0|1|5.12|40062.11
32795|59|2|0|1|3.84|21364.74
32896|94|2|0|0|1.52|8082.27
32986|17|1|0|1|0.21|1570.43
32997|32|2|0|1|3.47|15812.54
32997|40|2|0|1|2.63|9571.92
33084|59|1|0|1|0.37|1043.19
33248|81|2|0|1|4.29|33871.13
33428|59|2|0|1|2.94|13430.21
33453|32|2|0|1|1.32|6739.76
33486|17|2|0|1|8.51|53757.13
33486|55|2|0|1|4.25|19491.77
34190|68|1|0|0|3.78|15253.18
34244|32|2|0|1|5.19|31430.16
34315|59|1|0|1|0.41|1536.23
34407|92|1|0|0|0.69|2559.28
34500|32|2|0|1|2.95|6817.62
34512|59|1|0|1|4.85|36381.32
34775|81|2|0|1|3.06|5972.58
34853|59|2|0|1|0.44|3784.45
34922|9|2|0|0|1.34|7854.00
34977|4|2|1|1|1.23|4527.71
35052|87|2|0|0|1.30|9648.54
35100|32|2|0|1|0.86|7261.80
35271|40|2|0|1|5.88|32745.54
35284|59|1|0|1|0.82|2125.28
35287|87|2|0|0|7.59|25023.75
35465|32|2|0|1|3.82|17053.03
35689|68|1|0|0|0.59|2669.03
35719|40|2|0|1|0.88|8166.00
35819|52|2|0|1|0.47|2514.65
35888|59|1|0|1|1.06|1509.26
36088|59|2|0|1|1.99|8069.58
36094|94|2|0|0|1.55|8175.90
36122|59|1|0|1|0.92|4033.92
36123|15|2|0|1|6.72|33147.30
36258|17|1|0|1|1.97|7115.20
36331|59|1|0|1|0.78|3658.43
36468|15|2|0|1|1.91|16944.44
36535|17|1|0|1|1.60|2780.52
36535|59|1|0|1|1.60|1726.00
36708|40|2|0|1|0.55|4114.22
36918|17|1|0|1|2.07|7606.11
37005|81|1|0|1|3.74|15383.47
37371|32|2|0|1|1.16|6861.45
37461|52|2|0|1|3.68|31372.63
37661|59|1|0|1|0.90|6417.83
37826|17|2|0|1|10.15|49431.71
37826|32|2|0|1|4.47|19237.91
38025|59|1|0|1|3.94|24969.42
38272|17|1|0|1|1.44|6085.57
38272|52|2|0|1|0.94|7673.07
38272|71|1|0|1|1.06|1330.47
38272|81|1|0|1|2.95|9956.78
38272|87|1|0|0|1.63|3368.96
38443|17|1|0|1|1.11|4439.50
38454|32|2|0|1|1.02|4598.25
38481|81|1|0|1|1.10|2717.13
38512|17|2|0|1|4.99|17596.42
38557|59|1|0|1|0.23|782.49
38645|68|1|0|0|0.49|2461.44
38764|40|2|0|1|0.81|7758.29
38795|40|2|0|1|2.18|11441.87
39040|81|2|0|1|2.54|17737.63
39112|32|2|0|1|5.68|24814.61
39261|87|1|0|0|1.08|4713.47
39261|87|2|0|0|1.08|8764.61
39261|94|2|0|0|2.43|13788.63
39276|17|2|0|1|0.39|2596.15
39360|32|2|0|1|3.08|6552.92
39495|17|1|0|1|3.76|12595.37
39664|59|1|0|1|1.12|2937.64
39664|59|2|0|1|1.12|3691.97
39664|68|1|0|0|1.43|4339.70
39939|87|2|0|0|0.69|9001.37
39979|17|1|0|1|0.74|2827.24
40200|71|1|0|1|1.77|1222.71
40204|17|2|0|1|0.25|1320.57
40352|32|2|0|1|0.35|3322.52
40447|26|2|0|1|1.48|10014.36
41027|32|2|0|1|1.88|12895.82
41398|17|2|0|1|0.99|4441.38
41607|59|1|0|1|1.66|3653.17
41607|81|1|0|1|0.46|1514.72
42164|17|2|0|1|0.62|3560.10
42384|59|1|0|1|0.12|680.25
42448|9|2|0|0|1.02|3429.06
42483|32|2|0|1|0.30|2754.80
42520|32|2|0|1|0.04|4189.31
42577|9|2|0|0|1.20|5602.78
42777|59|1|0|1|0.78|9277.82
42787|40|2|0|1|0.97|7528.08
42915|40|1|0|1|0.27|1251.52
43077|9|2|0|0|0.50|3292.02
43129|59|1|0|1|0.61|1413.31
43256|87|2|0|0|1.61|7980.37
43705|17|2|0|1|4.27|14117.39
44150|9|2|0|0|4.31|15521.90
44150|32|2|0|1|1.04|6994.71
44150|59|1|0|1|1.45|7444.20
44150|81|2|0|1|0.89|6195.00
44150|87|1|0|0|0.10|2453.83
44155|59|2|0|1|0.03|4459.79
44512|32|2|0|1|3.78|22978.17
44625|17|2|0|1|1.29|2668.58
44713|59|1|0|1|2.12|3289.19
44837|68|1|0|0|0.40|2483.55
45489|26|2|0|1|1.87|9316.64
45489|32|2|0|1|6.80|49222.08
45680|59|2|0|1|1.77|11984.33
45742|9|2|0|0|0.98|3051.62
45773|32|2|0|1|5.22|39462.79
45849|40|2|0|1|0.51|4411.02
46130|59|2|0|1|0.13|2513.04
46499|32|2|0|1|0.28|4174.85
46712|59|2|0|1|0.28|2499.99
47033|59|1|0|1|1.05|4594.75
47258|40|2|0|1|1.33|10634.99
47298|59|1|0|1|0.17|597.68
47465|59|2|0|1|1.02|5329.22
47532|26|2|0|1|0.55|4515.70
47561|17|2|0|1|0.58|4970.92
47829|17|1|0|1|1.31|1737.46
47829|17|2|0|1|1.31|6803.26
47829|92|1|0|0|1.35|11302.58
47874|17|1|0|1|1.14|2807.59
47874|59|1|0|1|0.84|2163.74
47921|32|2|0|1|7.37|40535.09
48223|17|2|0|1|1.46|8554.85
48410|68|1|0|0|1.12|4579.40
48410|68|2|0|0|1.12|4054.32
48410|81|1|0|1|1.29|4360.49
48410|81|2|0|1|1.29|5788.28
48410|87|2|0|0|0.24|2928.14
48438|17|1|0|1|0.44|1775.11
48453|17|1|0|1|2.09|7051.34
48453|17|2|0|1|2.09|6381.45
48461|84|2|0|0|2.20|13004.91
48615|15|2|0|1|2.01|16944.96
48615|81|2|0|1|1.81|14633.44
48626|32|2|0|1|3.75|23659.86
48652|17|1|0|1|0.57|2568.76
48652|59|1|0|1|1.24|3406.56
48720|59|2|0|1|0.22|2967.20
48807|17|1|0|1|0.47|1850.42
48816|15|2|0|1|2.11|14712.48
48827|17|1|0|1|5.24|13339.54
48827|17|2|0|1|5.24|29349.10
48827|40|2|0|1|8.41|35192.01
48827|59|1|0|1|8.13|15779.21
48827|59|2|0|1|8.13|21132.33
48849|59|2|0|1|2.03|11584.02
48877|32|2|0|1|13.18|56584.85
48877|52|2|0|1|7.21|39817.00
48877|59|2|0|1|7.17|40613.16
48877|81|2|0|1|7.99|60311.16
48890|48|2|0|0|4.98|17178.65
49034|59|1|0|1|1.10|2538.39
49130|17|1|0|1|2.71|6006.51
49305|9|2|0|0|3.18|11848.49
49345|40|2|0|1|1.83|4632.79
49345|59|2|0|1|0.82|2607.53
49541|68|1|0|0|3.00|12510.22
49541|87|2|0|0|2.78|21952.65
49541|94|2|0|0|1.88|18243.56
49636|9|2|0|0|2.86|79507.15
49636|17|2|0|1|12.25|65689.08
49636|26|2|0|1|3.02|76931.77
49636|52|2|0|1|6.90|35745.45
49636|59|2|0|1|20.81|80118.02
49636|81|2|0|1|0.44|4027.64
49672|32|2|0|1|1.20|6783.02
49929|59|1|0|1|0.17|933.68
50093|17|1|0|1|1.03|5338.68
50343|87|1|0|0|3.43|13491.80
50386|40|2|0|1|0.43|2145.58
50441|59|1|0|1|1.01|3998.86
50486|59|2|0|1|2.40|12699.76
50528|4|2|1|1|21.60|42934.03
50528|52|2|1|1|2.85|9234.51
50647|40|2|0|1|0.52|2159.75
50909|9|2|0|0|2.00|11785.00
51031|8|2|0|0|2.09|8200.85
51311|59|1|0|1|0.38|993.06
51387|23|2|0|1|0.44|1724.76
51766|52|1|0|1|0.69|2962.51
51822|17|1|0|1|12.41|28081.02
51852|17|2|0|1|2.55|15941.75
52008|8|2|0|0|6.90|36855.77
52069|40|2|0|1|2.40|15008.57
52160|94|2|0|0|4.25|16343.09
52182|17|1|0|1|1.10|2759.46
52311|87|2|0|0|0.23|1163.14
52363|59|1|0|1|0.76|3487.94
52441|17|2|0|1|0.27|1455.93
52475|59|1|0|1|1.71|3605.06
52835|59|2|0|1|0.74|3120.73
52973|43|2|0|0|1.36|9155.96
53020|15|2|0|1|0.29|3248.16
53135|40|2|0|1|0.28|2540.74
53137|4|2|1|1|6.88|18516.21
53137|26|2|1|1|5.06|9749.52
53298|59|2|0|1|2.22|5763.23
53833|68|1|0|0|0.85|4394.85
53891|32|2|0|1|1.48|7032.32
53975|17|2|0|1|2.34|18839.02
53975|32|2|0|1|0.31|3128.13
54183|87|1|0|0|1.26|2765.04
54397|87|1|0|0|0.10|605.67
54915|15|2|0|1|2.06|15239.91
54960|68|1|0|0|1.57|6907.83
55225|32|2|0|1|2.37|6750.87
55261|32|2|0|1|3.27|8417.97
55281|26|2|0|1|0.31|7130.75
55370|17|1|0|1|0.84|1390.16
55497|59|1|0|1|6.72|9807.63
55518|40|2|0|1|1.22|3042.80
55611|81|1|0|1|0.89|5245.64
55618|32|2|0|1|0.41|5180.87
55644|52|2|0|1|0.95|9860.53
55693|52|2|0|1|0.41|2678.70
55823|59|1|0|1|0.89|4045.28
56446|17|1|0|1|0.59|2028.40
56834|32|2|0|1|2.14|14619.53
56863|17|2|0|1|1.51|4719.36
56971|32|2|0|1|4.71|33305.20
57052|17|1|0|1|1.83|3055.33
57052|59|1|0|1|5.89|15389.21
57052|87|1|0|0|3.10|5943.85
57191|32|1|0|1|3.73|3429.61
57191|32|2|0|1|3.73|33129.76
57203|59|1|0|1|0.31|568.59
57254|32|2|0|1|1.41|11033.95
57254|59|2|0|1|1.11|5770.70
57397|59|2|0|1|1.00|5390.06
57440|32|2|0|1|3.72|5534.88
57450|17|1|0|1|0.41|604.13
58150|52|2|0|1|1.63|7985.33
58378|81|1|0|1|0.73|1817.14
58478|17|2|0|1|0.18|2339.46
58567|17|2|0|1|2.62|10520.87
58595|81|2|0|1|2.29|16570.87
58685|52|2|0|1|0.27|3305.77
58769|32|2|0|1|4.25|34636.01
58769|59|2|0|1|4.07|28018.10
58948|17|1|0|1|0.42|597.25
59027|15|2|0|1|0.45|4226.30
59124|15|2|0|1|0.30|3920.46
59146|59|2|0|1|1.70|10860.44
59317|15|2|0|1|0.85|4962.95
59317|59|2|0|1|0.91|3720.11
59397|40|2|0|1|2.70|21598.85
59397|59|2|0|1|2.79|17141.73
59516|59|1|0|1|0.55|4629.26
59516|65|1|0|1|1.14|3587.11
59544|59|2|0|1|2.52|16805.82
59598|32|1|0|1|0.08|653.42
59612|81|2|0|1|1.13|12164.99
59757|9|2|0|0|0.42|3448.05
59892|9|2|0|0|3.54|12459.35
59892|17|2|0|1|7.68|45823.88
59939|9|2|0|0|2.54|11969.71
59939|17|1|0|1|10.86|43351.34
59939|17|2|0|1|10.86|47374.09
59939|52|2|0|1|3.53|13141.64
60279|87|1|0|0|1.12|4597.01
60279|87|2|0|0|1.12|8289.09
60635|17|1|0|1|2.48|13577.86
60667|40|2|0|1|0.60|3908.99
60871|40|2|0|1|3.93|16596.56
60871|59|2|0|1|4.61|18568.12
60871|81|1|0|1|6.09|19068.04
60871|81|2|0|1|6.09|26364.65
61062|9|2|0|0|2.32|10251.75
61062|84|2|0|0|0.90|5914.60
61062|94|2|0|0|2.00|10669.37
61076|23|2|0|1|0.87|4518.85
61161|59|1|0|1|1.58|4019.98
61177|17|2|0|1|7.04|36430.48
61177|26|2|0|1|2.29|23221.05
61177|32|2|0|1|5.15|39708.41
61177|52|2|0|1|7.94|38260.42
61370|15|2|0|1|1.00|4643.83
61431|40|2|0|1|1.26|2105.87
61478|32|2|0|1|2.49|10054.38
61497|15|2|0|1|1.83|9155.13
61845|59|1|0|1|0.48|1933.68
61928|81|1|0|1|2.45|7501.61
62259|94|2|0|0|0.40|5071.41
62440|15|2|0|1|0.23|3768.51
62521|59|1|0|1|0.04|675.51
62521|87|2|0|0|0.02|919.68
62580|59|1|0|1|0.56|1666.83
62606|26|2|0|1|0.49|2390.06
62629|23|2|0|1|1.76|9007.42
62629|81|1|0|1|5.09|17606.80
62869|59|1|0|1|0.41|1573.61
62977|26|2|0|1|1.85|11111.56
62977|52|2|0|1|4.84|17333.13
62977|87|2|0|0|0.39|4626.44
63133|59|1|0|1|1.70|4554.36
63133|68|1|0|0|1.48|6120.67
63133|68|2|0|0|0.13|2763.55
63133|81|1|0|1|0.22|4466.44
63133|81|2|0|1|0.22|3490.81
63133|87|2|0|0|0.12|3193.17
63181|17|1|0|1|2.68|9875.75
63181|68|1|0|0|1.10|4562.61
63209|17|1|0|1|0.64|1791.31
63209|17|2|0|1|0.64|5326.40
63312|15|2|0|1|2.12|9684.28
63365|59|1|0|1|4.41|17084.36
63510|59|1|0|1|0.14|673.25
63812|40|1|0|1|1.05|2787.96
63812|40|2|0|1|2.32|15365.72
63987|68|1|0|0|0.51|3584.12
64042|59|1|0|1|4.03|21618.12
64329|59|2|0|1|0.89|5278.17
64499|32|2|0|1|1.40|9960.72
64722|81|1|0|1|0.63|3163.55
64738|52|1|0|1|0.44|3647.85
64738|52|2|0|1|0.44|4888.57
64845|59|1|0|1|0.81|2189.24
64845|59|2|0|1|0.81|8142.10
64919|59|2|0|1|1.40|10697.22
65256|87|2|0|0|0.81|6341.80
65375|32|2|0|1|2.17|14551.76
65838|59|1|0|1|1.40|3650.54
65838|59|2|0|1|1.40|5274.52
65920|81|1|0|1|0.17|1720.57
65935|9|2|0|0|0.57|6687.17
65991|15|2|0|1|1.94|20589.76
66010|59|2|0|1|0.73|5370.20
66052|81|2|0|1|1.74|9923.30
66350|9|2|0|0|1.95|12926.52
66350|32|2|0|1|3.13|17658.11
66350|59|2|0|1|3.10|20982.71
66451|59|1|0|1|4.65|14371.13
66472|17|1|0|1|0.47|1355.05
66708|40|2|0|1|0.66|5123.32
66871|68|1|0|0|0.96|3156.54
66914|15|2|0|1|1.16|5963.23
67061|40|2|0|1|0.26|2832.43
67186|32|2|0|1|3.22|9679.95
67292|43|2|0|0|0.57|4261.30
67512|9|2|0|0|0.82|4184.68
67670|17|2|0|1|0.62|2593.35
67739|9|2|0|0|4.99|12733.74
67743|59|1|0|1|0.90|3976.16
67767|52|2|0|1|0.28|3890.49
67872|15|2|0|1|4.43|22967.31
67923|23|2|0|1|3.24|17761.71
67974|40|2|0|1|1.64|13020.68
68049|87|2|0|0|0.46|3980.08
68089|26|2|0|1|2.40|12301.36
68089|52|2|0|1|9.35|48543.74
68089|59|2|0|1|9.54|56954.29
68145|4|2|1|1|5.18|13959.98
68145|15|2|1|1|0.85|4808.46
68145|26|2|1|1|1.70|7167.83
68145|52|2|1|1|1.95|7263.92
68145|59|2|1|1|2.86|6430.99
68718|52|2|0|1|2.11|8450.79
68761|32|2|0|1|1.23|5588.07
68807|17|1|0|1|0.60|2080.80
68850|59|1|0|1|2.08|7080.70
68936|40|2|0|1|3.26|7789.99
68971|43|2|0|0|3.81|9308.89
68971|68|1|0|0|2.09|4493.46
69003|59|1|0|1|3.56|20282.90
69033|40|2|0|1|0.42|2241.13
69138|17|1|0|1|2.50|12251.63
69205|32|2|0|1|4.10|19037.55
69387|87|1|0|0|0.55|3694.37
69470|40|2|0|1|0.79|6033.88
69552|59|1|0|1|2.51|4176.02
69552|59|2|0|1|2.51|6465.89
69552|65|2|0|1|1.02|6057.55
69576|23|2|0|1|0.93|6551.39
69730|52|1|0|1|4.23|6219.24
69730|52|2|0|1|4.23|16215.52
69901|81|2|0|1|0.51|5512.69
69939|40|2|0|1|0.32|3619.20
70039|59|2|0|1|7.74|47137.52
70101|59|2|0|1|0.48|2857.63
70111|9|2|0|0|1.67|11125.29
70112|17|1|0|1|0.62|1063.68
70172|40|2|0|1|1.92|10443.65
70224|17|2|0|1|0.09|3052.52
70378|9|2|0|0|2.45|2534.69
70407|17|1|0|1|0.92|2931.92
70407|87|1|0|0|1.01|3053.68
70449|59|1|0|1|2.90|5537.25
70520|9|2|0|0|0.03|961.91
70598|59|1|0|1|0.83|6129.74
70598|92|1|0|0|2.21|7007.28
70604|81|2|0|1|1.24|9047.06
70620|59|1|0|1|0.85|1266.80
70658|40|2|0|1|0.25|5203.90
70721|15|2|0|1|2.59|19083.30
70754|59|2|0|1|2.81|17472.41
71061|32|2|0|1|2.21|7430.26
71260|26|2|0|1|1.16|4553.09
71300|26|2|0|1|2.12|12673.27
71300|68|1|0|0|1.90|6872.32
71300|84|1|0|0|1.90|7191.83
71520|9|2|0|0|0.29|2686.61
71533|59|2|0|1|1.23|8019.71
71764|17|2|0|1|0.91|8026.82
71764|23|2|0|1|0.06|1492.46
71764|32|2|0|1|2.81|11888.11
71764|87|2|0|0|1.68|13472.91
71764|94|2|0|0|6.10|16418.71
71788|59|2|0|1|0.30|1963.88
71833|94|2|0|0|1.03|7494.32
71993|81|2|0|1|1.28|10989.53
72027|4|2|1|1|2.76|9351.67
72124|32|2|0|1|0.94|6177.18
72130|81|2|0|1|4.33|17855.25
72175|59|1|0|1|0.43|2096.77
72252|17|1|0|1|0.42|1410.39
72315|59|1|0|1|0.10|381.65
72387|59|2|0|1|0.39|3146.95
72495|17|2|0|1|3.29|17248.88
72495|40|2|0|1|2.86|11982.58
72583|59|1|0|1|0.88|1814.87
72803|26|2|0|1|3.38|23493.06
72803|40|2|0|1|1.35|7535.56
72803|59|2|0|1|2.59|17288.16
72803|94|2|0|0|0.80|10040.81
73332|32|2|0|1|0.60|3322.91
73443|17|1|0|1|0.64|1995.13
73443|17|2|0|1|0.64|4226.91
73540|59|2|0|1|0.32|3005.41
73580|59|1|0|1|0.63|1565.68
73893|40|2|0|1|1.16|1444.98
74003|59|2|0|1|2.95|13255.68
74004|52|2|0|1|0.38|4040.32
74410|32|2|0|1|3.74|14679.08
74427|17|2|0|1|1.57|3828.17
74473|59|2|0|1|1.80|8828.18
74722|59|1|0|1|0.68|2737.20
74812|17|1|0|1|0.29|1499.78
74974|15|1|0|1|0.30|1095.54
75037|15|2|0|1|0.57|2830.95
75065|59|1|0|1|1.66|1986.07
75075|17|2|0|1|0.74|3635.32
75171|17|2|0|1|1.73|4421.37
75379|40|2|0|1|0.43|1522.19
75402|59|1|0|1|0.39|1430.52
75428|59|2|0|1|0.34|2119.86
75464|81|1|0|1|1.22|2632.01
75702|17|1|0|1|3.52|9404.58
75832|87|2|0|0|0.12|1038.68
76117|87|1|0|0|1.08|4019.91
76134|26|2|0|1|1.21|6490.59
76361|59|2|0|1|0.45|2844.77
76459|15|2|0|1|2.39|20117.64
76459|17|1|0|1|0.97|5076.26
76459|26|2|0|1|7.54|86486.44
76459|52|2|0|1|8.52|84174.31
76476|17|1|0|1|0.71|2561.05
76588|32|2|0|1|6.83|26449.57
76588|59|2|0|1|1.33|8753.93
76698|17|1|0|1|0.52|954.80
76949|32|2|0|1|0.43|3351.59
76977|81|2|0|1|0.94|7152.73
77069|59|1|0|1|2.33|4779.71
77330|81|2|0|1|1.76|12819.25
77440|59|1|0|1|0.47|1901.97
77527|52|2|0|1|1.12|6994.61
77614|59|2|0|1|0.46|1102.88
77616|17|1|0|1|0.62|1279.47
77661|32|2|0|1|1.29|3593.23
77844|59|2|0|1|1.08|4277.75
77867|81|2|0|1|1.03|6646.79
77867|87|2|0|0|3.22|11289.72
77964|87|1|0|0|0.31|1535.07
77984|15|2|0|1|0.64|4235.42
77984|59|2|0|1|1.59|5355.97
77984|81|2|0|1|1.59|6145.03
78210|59|2|0|1|5.62|17333.13
78229|68|1|0|0|1.16|6386.37
78273|94|2|0|0|1.78|14127.76
78281|94|2|0|0|3.82|23931.67
78460|81|2|0|1|4.54|27457.04
78565|8|2|0|0|1.06|3635.76
78846|15|2|0|1|0.70|4392.49
78846|59|2|0|1|0.85|4133.47
78863|17|2|0|1|2.01|6481.08
79247|32|2|0|1|3.41|33743.21
79247|59|2|0|1|1.48|9215.82
79253|17|1|0|1|0.03|214.73
79550|15|2|0|1|2.54|12689.97
79653|59|1|0|1|3.16|10081.14
79722|52|2|0|1|0.36|4589.52
79796|94|2|0|0|3.00|14242.21
79903|23|2|0|1|1.02|6614.07
80170|32|2|0|1|2.16|7382.70
80170|59|2|0|1|1.87|7141.75
80461|59|1|0|1|0.40|698.61
80479|52|2|0|1|5.64|23324.46
80506|40|2|0|1|1.79|9594.68
80600|52|1|0|1|0.89|2688.82
80627|8|2|0|0|3.00|19240.93
80627|9|2|0|0|11.16|36623.40
80627|43|2|0|0|4.24|12800.52
80627|62|2|0|0|1.80|4071.08
80886|17|2|0|1|0.19|7389.61
80942|17|2|0|1|3.92|14287.56
81034|17|1|0|1|3.07|7712.83
81034|68|1|0|0|4.89|14256.79
81034|92|1|0|0|3.51|5837.64
81093|17|1|0|1|0.70|3312.52
81554|32|2|0|1|0.47|4220.34
81717|17|1|0|1|0.26|1209.66
82023|43|2|0|0|6.51|22698.06
82727|17|1|0|1|0.98|3154.10
82928|15|2|0|1|3.79|27480.40
82939|68|1|0|0|0.76|2936.09
83256|59|2|0|1|2.26|10815.42
83458|10|2|0|1|1.81|8844.67
83458|26|2|0|1|1.02|7819.86
83472|17|1|0|1|7.42|31840.31
83472|59|1|0|1|16.46|37625.88
83472|81|1|0|1|8.00|32628.75
84051|15|2|0|1|4.10|13306.68
84051|23|2|0|1|3.80|37676.71
84051|59|2|0|1|3.00|16922.47
84174|15|2|0|1|2.74|15067.60
84174|32|2|0|1|2.63|14958.04
84174|40|2|0|1|3.06|8471.35
84183|59|2|0|1|0.66|2612.97
84287|59|1|0|1|0.40|1130.79
84380|17|1|0|1|0.12|331.14
84413|94|2|0|0|1.36|10905.73
84482|81|1|0|1|4.96|18807.48
84518|32|2|0|1|0.36|5920.32
84613|59|1|0|1|5.51|13638.62
84613|81|1|0|1|1.16|7198.39
84689|92|1|0|0|1.14|6415.72
84804|17|2|0|1|1.66|9473.35
84804|32|2|0|1|17.18|68034.08
84904|32|2|0|1|1.02|5698.55
84948|68|1|0|0|2.34|5851.81
85001|15|2|0|1|0.78|4534.72
85201|17|1|0|1|0.16|380.25
85203|59|2|0|1|0.82|2000.03
85407|59|1|0|1|0.60|2648.12
85414|59|2|0|1|2.55|13731.02
85515|15|2|0|1|1.87|14958.58
85546|23|2|0|1|7.13|20954.74
85548|26|2|0|1|3.63|27501.95
85548|32|2|0|1|1.61|7871.98
85548|40|2|0|1|1.03|3163.78
85756|59|1|0|1|3.39|4777.01
85840|81|1|0|1|1.40|2923.20
85840|87|2|0|0|1.85|16740.17
85855|59|2|0|1|0.95|7727.35
85924|52|2|0|1|0.42|3449.48
85950|9|2|0|0|2.17|7692.94
85950|94|2|0|0|0.66|6286.65
85952|87|2|0|0|0.53|2405.35
85984|32|2|0|1|4.37|26832.64
85984|59|2|0|1|4.60|23902.09
86182|84|2|0|0|0.18|2437.21
86229|59|2|0|1|0.12|1152.73
86237|17|1|0|1|0.17|409.56
86267|52|2|0|1|0.44|1821.79
86271|40|2|0|1|0.60|3660.14
86271|59|1|0|1|1.00|5666.02
86271|59|2|0|1|1.00|4818.97
86271|87|2|0|0|1.41|8899.83
86542|59|1|0|1|0.61|3444.94
86582|17|1|0|1|7.42|32739.07
86582|59|1|0|1|7.42|10243.94
86743|26|2|0|1|1.77|14826.92
86749|52|2|0|1|1.55|8801.57
86767|94|2|0|0|0.63|5847.29
86901|52|2|0|1|1.27|6428.07
86916|40|2|0|1|4.65|29142.88
87125|17|2|0|1|0.43|3752.29
87125|32|2|0|1|0.24|3907.56
87201|59|1|0|1|0.42|2996.37
87207|59|2|0|1|0.33|1956.97
87293|32|2|0|1|2.73|22514.83
87293|59|2|0|1|1.20|8068.45
87434|15|2|0|1|2.43|11494.47
87539|59|2|0|1|0.32|2487.64
87552|9|2|0|0|0.77|6935.18
87664|59|1|0|1|2.09|1508.56
87873|32|2|0|1|1.37|10119.68
87873|59|1|0|1|5.96|16354.04
87873|59|2|0|1|5.96|17950.48
87878|15|2|0|1|6.98|27861.51
88023|9|2|0|0|0.26|2181.21
88040|17|1|0|1|3.28|11790.77
88040|92|1|0|0|0.50|2635.26
88205|87|1|0|0|0.53|2590.11
88517|87|1|0|0|0.94|6796.22
88525|23|2|0|1|2.06|11960.36
88691|17|2|0|1|2.45|12598.21
88841|52|1|0|1|0.81|2483.69
88928|40|2|0|1|4.57|33202.87
88928|52|2|0|1|1.61|11531.99
89417|23|2|0|1|2.98|12145.02
89417|32|2|0|1|1.30|9670.13
89417|59|2|0|1|3.96|22718.48
89430|15|2|0|1|0.78|3502.27
89440|26|2|0|1|4.50|20515.07
89440|40|2|0|1|2.16|16013.06
89602|32|2|0|1|4.35|13857.30
89768|52|2|0|1|2.53|7395.53
89835|17|1|0|1|0.19|1737.90
89842|17|1|0|1|0.21|1252.34
90076|15|2|0|1|0.19|2776.56
90202|9|2|0|0|1.94|6997.40
90227|17|1|0|1|1.66|3418.09
90537|59|2|0|1|0.47|4499.25
90597|59|1|0|1|1.93|8062.03
90901|59|2|0|1|7.24|24230.58
90980|9|2|0|0|0.68|5851.80
91094|59|1|0|1|0.93|5071.28
91148|23|2|0|1|2.42|15625.08
91148|32|2|0|1|1.58|12187.30
91178|59|1|0|1|0.28|2603.63
91179|9|2|0|0|2.00|7577.54
91179|17|2|0|1|1.12|6981.76
91249|40|2|0|1|1.42|11557.40
91435|59|1|0|1|0.09|426.88
91517|59|2|0|1|0.14|3561.63
91543|40|2|0|1|0.27|3209.85
91752|32|2|0|1|1.02|6164.74
91794|23|2|0|1|0.78|5622.26
91845|38|2|0|0|0.69|9792.12
91975|15|2|0|1|0.26|4054.62
92013|87|2|0|0|5.13|22990.31
92023|8|2|0|0|2.36|10292.56
92027|59|1|0|1|0.43|2760.33
92099|40|2|0|1|0.84|5317.46
92218|68|1|0|0|1.70|5086.53
92218|94|2|0|0|2.11|7728.07
92490|32|2|0|1|1.00|7477.19
92531|59|1|0|1|0.82|2807.03
92531|59|2|0|1|0.82|4299.88
92556|15|2|0|1|1.69|12224.67
92556|32|2|0|1|1.26|10738.31
92583|17|1|0|1|1.56|2148.43
92583|43|2|0|0|2.29|15212.61
92583|68|1|0|0|1.80|4436.55
92583|84|2|0|0|1.28|4969.55
92583|87|1|0|0|2.00|4811.96
92853|17|1|0|1|0.51|906.25
92933|17|1|0|1|0.20|1739.02
93168|59|1|0|1|1.23|5393.73
93182|40|2|0|1|0.77|4759.22
93228|17|1|0|1|0.47|2321.43
93417|59|2|0|1|1.47|11485.54
93435|17|1|0|1|2.13|5337.02
93435|26|2|0|1|0.88|4683.05
93498|59|1|0|1|5.03|37848.66
93510|92|1|0|0|0.08|1157.44
93538|17|1|0|1|3.95|11946.22
93538|59|1|0|1|3.23|6412.43
93922|59|2|0|1|3.14|20763.16
93922|87|2|0|0|4.91|32934.51
93970|59|2|0|1|1.12|5694.41
94033|52|2|0|1|2.05|8896.36
94181|81|2|0|1|2.79|5274.43
94181|84|2|0|0|0.56|3820.60
94553|32|2|0|1|3.40|22993.13
94553|59|2|0|1|3.26|25731.25
94554|94|2|0|0|2.34|10090.12
94589|59|2|0|1|0.21|3425.04
94886|32|2|0|1|3.57|29534.60
94968|32|2|0|1|2.14|16643.30
95008|17|1|0|1|0.54|3351.08
95011|15|2|0|1|0.14|2529.09
95018|59|2|0|1|0.47|1409.78
95287|40|2|0|1|1.75|9242.10
95311|15|2|0|1|0.79|5802.15
95319|32|2|0|1|1.00|9408.31
95372|52|1|0|1|1.12|4548.92
95396|68|1|0|0|1.45|5594.30
95476|17|2|0|1|4.07|25866.45
95476|59|2|0|1|2.04|13267.28
95476|68|1|0|0|2.71|6153.05
95476|81|2|0|1|1.91|16064.12
95601|87|1|0|0|1.19|4669.90
95661|59|1|0|1|0.61|2243.23
95678|17|1|0|1|9.52|54391.82
95678|52|2|0|1|4.02|52560.92
95678|59|1|0|1|20.82|47193.17
95678|94|2|0|0|9.74|45084.71
95961|17|1|0|1|0.41|1620.73
95974|81|2|0|1|0.37|7017.34
96004|17|1|0|1|0.85|2263.97
96038|17|1|0|1|0.31|2716.92
96379|87|1|0|0|0.69|4160.26
96414|17|1|0|1|0.33|2111.41
96832|59|2|0|1|0.42|7091.56
96847|17|1|0|1|2.06|989.95
96975|23|2|0|1|2.02|9034.52
97172|59|2|0|1|2.70|8083.70
97437|38|2|0|0|3.53|17714.78
97437|59|1|0|1|0.78|3776.96
97574|59|2|0|1|2.72|6608.26
97661|68|1|0|0|3.52|7722.20
97695|52|1|0|1|0.42|2562.65
97861|59|1|0|1|1.75|3228.22
97942|68|1|0|0|2.58|3222.58
97942|81|1|0|1|0.19|1187.04
97945|59|1|0|1|0.41|1751.37
98118|17|2|0|1|0.83|3307.09
98118|52|2|0|1|2.18|8879.55
98118|59|2|0|1|0.88|3769.89
98140|26|2|0|1|3.56|25760.90
98140|59|2|0|1|4.59|12200.81
98248|87|1|0|0|0.52|3056.13
98265|32|2|0|1|1.41|12578.56
98346|40|2|0|1|0.65|3551.84
98490|59|1|0|1|0.41|3021.36
98571|17|1|0|1|0.25|1718.60
98646|9|2|0|0|3.23|9899.24
98747|9|2|0|0|3.32|8733.91
98747|59|2|0|1|2.11|11611.34
98814|32|2|0|1|3.33|30766.74
98814|40|2|0|1|2.77|10464.33
98825|94|2|0|0|2.45|14015.81
98871|52|2|0|1|0.24|3349.40
98995|17|1|0|1|0.34|1592.96
98995|68|1|0|0|0.57|2503.02
99108|52|2|0|1|1.61|6471.03
99146|17|2|0|1|0.83|3432.22
99282|59|2|0|1|1.62|7877.60
99377|52|2|0|1|0.65|2716.99
99693|81|1|0|1|6.34|25201.98
99793|52|2|0|1|0.13|4399.85
99793|87|2|0|0|0.02|4090.16
